#           Time (s)         x hill (km)         y hill (km)         z hill (km)      vx hill (km/s)      vy hill (km/s)      vz hill (km/s)          x eci (km)          y eci (km)          z eci (km)         DV_x (km/s)         DV_y (km/s)         DV_z (km/s)           DV (km/s)               n_dis           anu (deg)
                   0    -0.000000000e+00    -1.500000000e+01    -0.000000000e+00    -0.000000000e+00     0.000000000e+00    -0.000000000e+00     3.893382682e+03    -1.499996289e+01     0.000000000e+00    -1.334788972e-03    -3.575007000e-04     1.064345937e-23     1.381835139e-03                  31     0.000000000e+00
     2.000000000e+02    -2.778211536e-01    -1.502474238e+01     2.118495129e-21    -1.436698032e-03     1.158676508e-04     1.048935407e-23     3.839277681e+03     6.453195551e+02     2.118343960e-21    -3.420028000e-10    -5.375331255e-11     1.507787794e-26     3.462012909e-10                  31     9.762398688e+00
     4.000000000e+02    -5.719026934e-01    -1.495180413e+01     4.179157772e-21    -1.496998916e-03     6.169413695e-04     1.004630564e-23     3.673958765e+03     1.286945112e+03     4.178543896e-21    -5.606989025e-11    -2.038375152e-11     1.368628901e-26     5.966012000e-11                  31     1.952479738e+01
     6.000000000e+02    -8.737276043e-01    -1.477708541e+01     6.120896645e-21    -1.513944604e-03     1.131208742e-03     9.310569027e-24     3.402190938e+03     1.891282033e+03     6.119523044e-21    -1.160428401e-11    -1.772971375e-11     1.187183891e-26     2.118967100e-11                  31     2.928719606e+01
     8.000000000e+02    -1.174554660e+00    -1.449943409e+01     7.887543774e-21    -1.487044567e-03     1.643775912e-03     8.303253210e-24     3.031825716e+03     2.440807625e+03     7.885164279e-21    -4.416934464e-12    -2.119359735e-11     7.836346385e-27     2.164896946e-11                  31     3.904959475e+01
     1.000000000e+03    -1.465671543e+00    -1.412067910e+01     9.427519260e-21    -1.417077902e-03     2.139798302e-03     7.051307692e-24     2.573576388e+03     2.919580021e+03     9.423970278e-21    -5.828643134e-12    -2.628947969e-11     5.081087315e-27     2.692786333e-11                  31     4.881199344e+01
     1.200000000e+03    -1.738647152e+00    -1.364557745e+01     1.069511609e-20    -1.306070941e-03     2.604910498e-03     5.592331533e-24     2.040709831e+03     3.313702095e+03     1.069034007e-20    -9.986470205e-12    -3.018362994e-11     3.405506725e-27     3.179278382e-11                  31     5.857439213e+01
     1.400000000e+03    -1.985575785e+00    -1.308167647e+01     1.165389997e-20    -1.157238583e-03     3.025642288e-03     3.969773928e-24     1.448663547e+03     3.611726768e+03     1.164795667e-20    -1.410391712e-11    -3.096255370e-11     1.273709923e-27     3.402352436e-11                  31     6.833679082e+01
     1.600000000e+03    -2.199306089e+00    -1.243909522e+01     1.227547784e-20    -9.748911965e-04     3.389808772e-03     2.230065704e-24     8.145988562e+02     3.804991674e+03     1.226854368e-20    -1.577157131e-11    -2.868907761e-11    -2.056215357e-27     3.273844278e-11                  31     7.809918950e+01
     1.800000000e+03    -2.373648175e+00    -1.173023143e+01     1.254075672e-20    -7.643097810e-04     3.686863251e-03     4.224874783e-25     1.569031161e+02     3.887873142e+03     1.253311115e-20    -1.500192490e-11    -2.554386289e-11    -2.360127853e-27     2.962341442e-11                  31     8.786158819e+01
     2.000000000e+03    -2.503552886e+00    -1.096940248e+01     1.244307561e-20    -5.315930281e-04     3.908202665e-03    -1.397547716e-24    -5.053445474e+02     3.857951806e+03     1.243507443e-20    -1.397249798e-11    -2.364694846e-11    -3.343574688e-27     2.746650454e-11                  31     9.762398688e+01
     2.200000000e+03    -2.585258023e+00    -1.017243070e+01     1.198385527e-20    -2.834806984e-04     4.047416757e-03    -3.178084310e-24    -1.152928355e+03     3.716084720e+03     1.197589789e-20    -1.512979037e-11    -2.371010102e-11    -1.220291102e-27     2.812613459e-11                  31     1.073863856e+02
     2.400000000e+03    -2.616397309e+00    -9.356185157e+00     1.117809770e-20    -2.715843034e-05     4.100473717e-03    -4.864414866e-24    -1.767055497e+03     3.466381686e+03     1.117058594e-20    -2.019381048e-11    -2.517261311e-11     1.664310098e-27     3.227151116e-11                  31     1.171487843e+02
     2.600000000e+03    -2.596068914e+00    -8.538093128e+00     1.004844639e-20     2.299503658e-04     4.065836952e-03    -6.407078773e-24    -2.329903722e+03     3.116086321e+03     1.004174623e-20    -3.022022168e-11    -2.664368501e-11     2.595338351e-27     4.028830785e-11                  31     1.269111829e+02
     2.800000000e+03    -2.524861576e+00    -7.735635353e+00     8.627807836e-21     4.803994997e-04     3.944509591e-03    -7.763252770e-24    -2.825140691e+03     2.675365303e+03     8.622212738e-21    -4.644376920e-11    -2.661435966e-11    -8.270850116e-28     5.352894393e-11                  31     1.366735816e+02
     3.000000000e+03    -2.404837553e+00    -6.965839787e+00     6.957485255e-21     7.169356526e-04     3.740005432e-03    -8.897975421e-24    -3.238399708e+03     2.157012001e+03     6.953187836e-21    -7.386656744e-11    -2.452922883e-11    -3.819548145e-27     7.783285201e-11                  31     1.464359803e+02
     3.200000000e+03    -2.239472894e+00    -6.244788446e+00     5.084246922e-21     9.327084384e-04     3.458247179e-03    -9.777938402e-24    -3.557697763e+03     1.576073274e+03     5.081322486e-21    -1.425976910e-10    -2.193649017e-11    -7.143569162e-27     1.442751229e-10                  31     1.561983790e+02
     3.400000000e+03    -2.033556776e+00    -5.587151648e+00     3.064810388e-21     1.121468774e-03     3.107394922e-03    -1.037772343e-23    -3.773783584e+03     9.494105309e+02     3.063209616e-21    -1.389223199e-04    -1.266620952e-05     3.195877431e-24     1.394985441e-04                  31     1.659607777e+02
     3.600000000e+03    -1.821133563e+00    -5.003524789e+00     1.590078725e-21     1.136544072e-03     2.732789296e-03    -7.520553226e-24    -3.880377677e+03     2.952037561e+02     1.589334970e-21    -2.600788082e-04     1.920588037e-05    -1.184641106e-25     2.607869865e-04                  31     1.757231764e+02
     3.800000000e+03    -1.632247198e+00    -4.484562914e+00     4.612138244e-23     1.007826480e-03     2.430159254e-03    -7.758115816e-24    -3.874382089e+03    -3.675728143e+02     4.610204682e-23    -2.201677681e-04     4.825939254e-05     3.557978535e-24     2.253947983e-04                  31     1.854855751e+02
     4.000000000e+03    -1.462130948e+00    -4.017172922e+00    -7.908247573e-22     9.093861994e-04     2.188564374e-03    -4.146034405e-24    -3.755993800e+03    -1.019696555e+03    -7.905277712e-22    -1.973465331e-04     6.814930896e-05     6.613106069e-24     2.087821411e-04                  31     1.952479738e+02
     4.200000000e+03    -1.307212099e+00    -3.591536590e+00    -2.908535038e-22     8.333990881e-04     1.992753652e-03     2.545328996e-24    -3.528663086e+03    -1.642258570e+03    -2.907558498e-22    -1.864059447e-04     8.363445080e-05    -7.187174984e-25     2.043083395e-04                  31     2.050103725e+02
     4.400000000e+03    -1.164639879e+00    -3.199822328e+00     7.978332064e-23     7.752781599e-04     1.833465000e-03     1.842175569e-24    -3.198994103e+03    -2.217210622e+03     7.975945498e-23    -1.846538926e-04     9.671888657e-05    -5.171442942e-25     2.084504811e-04                  31     2.147727711e+02
     4.600000000e+03    -1.032063555e+00    -2.835571761e+00     3.417391774e-22     7.319300273e-04     1.704292391e-03     1.294321881e-24    -2.776553717e+03    -2.727887044e+03     3.416485894e-22    -1.905615329e-04     1.078105662e-04    -2.341253435e-25     2.189447785e-04                  31     2.245351698e+02
     4.800000000e+03    -9.075455722e-01    -2.493461370e+00     5.518080869e-22     7.007974309e-04     1.599941748e-03     9.954929751e-25    -2.273594561e+03    -3.159486573e+03     5.516794616e-22    -2.030426722e-04     1.162281586e-04    -1.578544955e-25     2.339557898e-04                  31     2.342975685e+02
     5.000000000e+03    -7.895601315e-01    -2.169299183e+00     7.058947340e-22     6.792438648e-04     1.515139233e-03     7.456239879e-25    -1.704700540e+03    -3.499500283e+03     7.057515829e-22    -2.209896957e-04     1.204554415e-04    -5.745340602e-25     2.516862313e-04                  31     2.440599672e+02
     5.200000000e+03    -6.770502771e-01    -1.860180558e+00     7.340257889e-22     6.641211260e-04     1.443893634e-03     6.659387346e-26    -1.086365090e+03    -3.738073432e+03     7.338981444e-22    -2.429138559e-04     1.183586954e-04    -8.784574368e-25     2.702145854e-04                  31     2.538223659e+02
     5.400000000e+03    -5.695196305e-01    -1.564743240e+00     5.632091102e-22     6.514964658e-04     1.379035162e-03    -9.063759822e-25    -4.365143023e+02    -3.868290907e+03     5.631267253e-22    -1.556256209e-10     1.194407792e-10     8.028290249e-27     1.961770466e-10                  31     2.635847646e+02
     5.600000000e+03    -4.177108118e-01    -1.313600927e+00     3.522286075e-22     8.629174150e-04     1.120374308e-03    -9.666915810e-25     2.259843162e+02    -3.886429252e+03     3.521908181e-22    -1.324076271e-10     6.203685145e-11    -4.956658668e-27     1.462202129e-10                  31     2.733471633e+02
     5.800000000e+03    -2.260203789e-01    -1.121128071e+00     2.192870014e-22     1.049347268e-03     7.937607088e-04    -1.023488297e-24     8.819365175e+02    -3.791975970e+03     2.192742714e-22    -5.194727662e-10    -1.178120616e-10    -6.426097905e-26     5.326646569e-10                  31     2.831095620e+02
     6.000000000e+03    -0.000000000e+00    -1.000000000e+00    -0.000000000e+00     1.205386322e-03     4.086535082e-04    -1.103962996e-24     1.512342901e+03    -3.587683466e+03     0.000000000e+00    -1.205386322e-03    -4.086535082e-04     1.103962898e-24     1.272774086e-03                  31     2.928719606e+02
